c This file was generated by genrmf.
c The parameters are: a: 5 b: 23 c1: 0 c2: 4 seed: 4
p max     575       2390
n       1 s
n     575 t
a       1      42          0
a       1       2        100
a       1       6        100
a       2      40          2
a       2       3        100
a       2       1        100
a       2       7        100
a       3      29          4
a       3       4        100
a       3       2        100
a       3       8        100
a       4      45          4
a       4       5        100
a       4       3        100
a       4       9        100
a       5      41          3
a       5       4        100
a       5      10        100
a       6      43          4
a       6       7        100
a       6      11        100
a       6       1        100
a       7      44          0
a       7       8        100
a       7       6        100
a       7      12        100
a       7       2        100
a       8      48          3
a       8       9        100
a       8       7        100
a       8      13        100
a       8       3        100
a       9      27          2
a       9      10        100
a       9       8        100
a       9      14        100
a       9       4        100
a      10      38          3
a      10       9        100
a      10      15        100
a      10       5        100
a      11      37          0
a      11      12        100
a      11      16        100
a      11       6        100
a      12      34          3
a      12      13        100
a      12      11        100
a      12      17        100
a      12       7        100
a      13      26          1
a      13      14        100
a      13      12        100
a      13      18        100
a      13       8        100
a      14      32          2
a      14      15        100
a      14      13        100
a      14      19        100
a      14       9        100
a      15      46          0
a      15      14        100
a      15      20        100
a      15      10        100
a      16      31          0
a      16      17        100
a      16      21        100
a      16      11        100
a      17      49          0
a      17      18        100
a      17      16        100
a      17      22        100
a      17      12        100
a      18      39          1
a      18      19        100
a      18      17        100
a      18      23        100
a      18      13        100
a      19      30          4
a      19      20        100
a      19      18        100
a      19      24        100
a      19      14        100
a      20      36          4
a      20      19        100
a      20      25        100
a      20      15        100
a      21      28          3
a      21      22        100
a      21      16        100
a      22      35          2
a      22      23        100
a      22      21        100
a      22      17        100
a      23      47          3
a      23      24        100
a      23      22        100
a      23      18        100
a      24      33          4
a      24      25        100
a      24      23        100
a      24      19        100
a      25      50          0
a      25      24        100
a      25      20        100
a      26      69          2
a      26      27        100
a      26      31        100
a      27      59          0
a      27      28        100
a      27      26        100
a      27      32        100
a      28      62          1
a      28      29        100
a      28      27        100
a      28      33        100
a      29      56          0
a      29      30        100
a      29      28        100
a      29      34        100
a      30      75          2
a      30      29        100
a      30      35        100
a      31      68          0
a      31      32        100
a      31      36        100
a      31      26        100
a      32      63          2
a      32      33        100
a      32      31        100
a      32      37        100
a      32      27        100
a      33      64          0
a      33      34        100
a      33      32        100
a      33      38        100
a      33      28        100
a      34      51          2
a      34      35        100
a      34      33        100
a      34      39        100
a      34      29        100
a      35      67          2
a      35      34        100
a      35      40        100
a      35      30        100
a      36      52          2
a      36      37        100
a      36      41        100
a      36      31        100
a      37      60          2
a      37      38        100
a      37      36        100
a      37      42        100
a      37      32        100
a      38      65          2
a      38      39        100
a      38      37        100
a      38      43        100
a      38      33        100
a      39      58          0
a      39      40        100
a      39      38        100
a      39      44        100
a      39      34        100
a      40      70          1
a      40      39        100
a      40      45        100
a      40      35        100
a      41      55          2
a      41      42        100
a      41      46        100
a      41      36        100
a      42      74          3
a      42      43        100
a      42      41        100
a      42      47        100
a      42      37        100
a      43      71          4
a      43      44        100
a      43      42        100
a      43      48        100
a      43      38        100
a      44      66          3
a      44      45        100
a      44      43        100
a      44      49        100
a      44      39        100
a      45      73          2
a      45      44        100
a      45      50        100
a      45      40        100
a      46      72          2
a      46      47        100
a      46      41        100
a      47      54          0
a      47      48        100
a      47      46        100
a      47      42        100
a      48      57          1
a      48      49        100
a      48      47        100
a      48      43        100
a      49      53          2
a      49      50        100
a      49      48        100
a      49      44        100
a      50      61          0
a      50      49        100
a      50      45        100
a      51      98          0
a      51      52        100
a      51      56        100
a      52      88          4
a      52      53        100
a      52      51        100
a      52      57        100
a      53      96          0
a      53      54        100
a      53      52        100
a      53      58        100
a      54      97          2
a      54      55        100
a      54      53        100
a      54      59        100
a      55      78          0
a      55      54        100
a      55      60        100
a      56      90          2
a      56      57        100
a      56      61        100
a      56      51        100
a      57      92          4
a      57      58        100
a      57      56        100
a      57      62        100
a      57      52        100
a      58      79          1
a      58      59        100
a      58      57        100
a      58      63        100
a      58      53        100
a      59      85          1
a      59      60        100
a      59      58        100
a      59      64        100
a      59      54        100
a      60      80          1
a      60      59        100
a      60      65        100
a      60      55        100
a      61      93          4
a      61      62        100
a      61      66        100
a      61      56        100
a      62      89          4
a      62      63        100
a      62      61        100
a      62      67        100
a      62      57        100
a      63      83          0
a      63      64        100
a      63      62        100
a      63      68        100
a      63      58        100
a      64      81          1
a      64      65        100
a      64      63        100
a      64      69        100
a      64      59        100
a      65      82          1
a      65      64        100
a      65      70        100
a      65      60        100
a      66      87          0
a      66      67        100
a      66      71        100
a      66      61        100
a      67      84          1
a      67      68        100
a      67      66        100
a      67      72        100
a      67      62        100
a      68      94          2
a      68      69        100
a      68      67        100
a      68      73        100
a      68      63        100
a      69      99          3
a      69      70        100
a      69      68        100
a      69      74        100
a      69      64        100
a      70      95          2
a      70      69        100
a      70      75        100
a      70      65        100
a      71      91          1
a      71      72        100
a      71      66        100
a      72      86          3
a      72      73        100
a      72      71        100
a      72      67        100
a      73     100          4
a      73      74        100
a      73      72        100
a      73      68        100
a      74      76          3
a      74      75        100
a      74      73        100
a      74      69        100
a      75      77          2
a      75      74        100
a      75      70        100
a      76     107          3
a      76      77        100
a      76      81        100
a      77     119          0
a      77      78        100
a      77      76        100
a      77      82        100
a      78     104          2
a      78      79        100
a      78      77        100
a      78      83        100
a      79     101          0
a      79      80        100
a      79      78        100
a      79      84        100
a      80     121          0
a      80      79        100
a      80      85        100
a      81     110          0
a      81      82        100
a      81      86        100
a      81      76        100
a      82     123          1
a      82      83        100
a      82      81        100
a      82      87        100
a      82      77        100
a      83     106          0
a      83      84        100
a      83      82        100
a      83      88        100
a      83      78        100
a      84     103          1
a      84      85        100
a      84      83        100
a      84      89        100
a      84      79        100
a      85     109          2
a      85      84        100
a      85      90        100
a      85      80        100
a      86     122          1
a      86      87        100
a      86      91        100
a      86      81        100
a      87     115          0
a      87      88        100
a      87      86        100
a      87      92        100
a      87      82        100
a      88     105          1
a      88      89        100
a      88      87        100
a      88      93        100
a      88      83        100
a      89     118          1
a      89      90        100
a      89      88        100
a      89      94        100
a      89      84        100
a      90     111          0
a      90      89        100
a      90      95        100
a      90      85        100
a      91     114          4
a      91      92        100
a      91      96        100
a      91      86        100
a      92     124          0
a      92      93        100
a      92      91        100
a      92      97        100
a      92      87        100
a      93     125          1
a      93      94        100
a      93      92        100
a      93      98        100
a      93      88        100
a      94     113          4
a      94      95        100
a      94      93        100
a      94      99        100
a      94      89        100
a      95     102          4
a      95      94        100
a      95     100        100
a      95      90        100
a      96     120          4
a      96      97        100
a      96      91        100
a      97     117          4
a      97      98        100
a      97      96        100
a      97      92        100
a      98     116          4
a      98      99        100
a      98      97        100
a      98      93        100
a      99     112          4
a      99     100        100
a      99      98        100
a      99      94        100
a     100     108          1
a     100      99        100
a     100      95        100
a     101     142          3
a     101     102        100
a     101     106        100
a     102     131          0
a     102     103        100
a     102     101        100
a     102     107        100
a     103     140          2
a     103     104        100
a     103     102        100
a     103     108        100
a     104     129          0
a     104     105        100
a     104     103        100
a     104     109        100
a     105     136          2
a     105     104        100
a     105     110        100
a     106     137          2
a     106     107        100
a     106     111        100
a     106     101        100
a     107     126          3
a     107     108        100
a     107     106        100
a     107     112        100
a     107     102        100
a     108     139          1
a     108     109        100
a     108     107        100
a     108     113        100
a     108     103        100
a     109     148          3
a     109     110        100
a     109     108        100
a     109     114        100
a     109     104        100
a     110     144          3
a     110     109        100
a     110     115        100
a     110     105        100
a     111     138          4
a     111     112        100
a     111     116        100
a     111     106        100
a     112     130          4
a     112     113        100
a     112     111        100
a     112     117        100
a     112     107        100
a     113     128          3
a     113     114        100
a     113     112        100
a     113     118        100
a     113     108        100
a     114     127          1
a     114     115        100
a     114     113        100
a     114     119        100
a     114     109        100
a     115     135          0
a     115     114        100
a     115     120        100
a     115     110        100
a     116     145          4
a     116     117        100
a     116     121        100
a     116     111        100
a     117     143          2
a     117     118        100
a     117     116        100
a     117     122        100
a     117     112        100
a     118     149          4
a     118     119        100
a     118     117        100
a     118     123        100
a     118     113        100
a     119     133          1
a     119     120        100
a     119     118        100
a     119     124        100
a     119     114        100
a     120     147          0
a     120     119        100
a     120     125        100
a     120     115        100
a     121     134          1
a     121     122        100
a     121     116        100
a     122     132          3
a     122     123        100
a     122     121        100
a     122     117        100
a     123     146          3
a     123     124        100
a     123     122        100
a     123     118        100
a     124     141          3
a     124     125        100
a     124     123        100
a     124     119        100
a     125     150          2
a     125     124        100
a     125     120        100
a     126     151          2
a     126     127        100
a     126     131        100
a     127     175          4
a     127     128        100
a     127     126        100
a     127     132        100
a     128     157          4
a     128     129        100
a     128     127        100
a     128     133        100
a     129     161          2
a     129     130        100
a     129     128        100
a     129     134        100
a     130     165          4
a     130     129        100
a     130     135        100
a     131     160          1
a     131     132        100
a     131     136        100
a     131     126        100
a     132     155          2
a     132     133        100
a     132     131        100
a     132     137        100
a     132     127        100
a     133     169          2
a     133     134        100
a     133     132        100
a     133     138        100
a     133     128        100
a     134     170          2
a     134     135        100
a     134     133        100
a     134     139        100
a     134     129        100
a     135     153          3
a     135     134        100
a     135     140        100
a     135     130        100
a     136     156          2
a     136     137        100
a     136     141        100
a     136     131        100
a     137     152          4
a     137     138        100
a     137     136        100
a     137     142        100
a     137     132        100
a     138     163          2
a     138     139        100
a     138     137        100
a     138     143        100
a     138     133        100
a     139     164          4
a     139     140        100
a     139     138        100
a     139     144        100
a     139     134        100
a     140     171          0
a     140     139        100
a     140     145        100
a     140     135        100
a     141     159          0
a     141     142        100
a     141     146        100
a     141     136        100
a     142     167          0
a     142     143        100
a     142     141        100
a     142     147        100
a     142     137        100
a     143     166          3
a     143     144        100
a     143     142        100
a     143     148        100
a     143     138        100
a     144     168          4
a     144     145        100
a     144     143        100
a     144     149        100
a     144     139        100
a     145     173          4
a     145     144        100
a     145     150        100
a     145     140        100
a     146     172          1
a     146     147        100
a     146     141        100
a     147     162          0
a     147     148        100
a     147     146        100
a     147     142        100
a     148     158          2
a     148     149        100
a     148     147        100
a     148     143        100
a     149     174          4
a     149     150        100
a     149     148        100
a     149     144        100
a     150     154          3
a     150     149        100
a     150     145        100
a     151     196          0
a     151     152        100
a     151     156        100
a     152     180          4
a     152     153        100
a     152     151        100
a     152     157        100
a     153     198          4
a     153     154        100
a     153     152        100
a     153     158        100
a     154     189          1
a     154     155        100
a     154     153        100
a     154     159        100
a     155     194          3
a     155     154        100
a     155     160        100
a     156     186          3
a     156     157        100
a     156     161        100
a     156     151        100
a     157     192          0
a     157     158        100
a     157     156        100
a     157     162        100
a     157     152        100
a     158     197          0
a     158     159        100
a     158     157        100
a     158     163        100
a     158     153        100
a     159     199          2
a     159     160        100
a     159     158        100
a     159     164        100
a     159     154        100
a     160     188          3
a     160     159        100
a     160     165        100
a     160     155        100
a     161     184          2
a     161     162        100
a     161     166        100
a     161     156        100
a     162     176          4
a     162     163        100
a     162     161        100
a     162     167        100
a     162     157        100
a     163     183          4
a     163     164        100
a     163     162        100
a     163     168        100
a     163     158        100
a     164     179          2
a     164     165        100
a     164     163        100
a     164     169        100
a     164     159        100
a     165     193          0
a     165     164        100
a     165     170        100
a     165     160        100
a     166     195          0
a     166     167        100
a     166     171        100
a     166     161        100
a     167     185          1
a     167     168        100
a     167     166        100
a     167     172        100
a     167     162        100
a     168     181          1
a     168     169        100
a     168     167        100
a     168     173        100
a     168     163        100
a     169     191          4
a     169     170        100
a     169     168        100
a     169     174        100
a     169     164        100
a     170     200          0
a     170     169        100
a     170     175        100
a     170     165        100
a     171     187          3
a     171     172        100
a     171     166        100
a     172     182          2
a     172     173        100
a     172     171        100
a     172     167        100
a     173     178          3
a     173     174        100
a     173     172        100
a     173     168        100
a     174     190          4
a     174     175        100
a     174     173        100
a     174     169        100
a     175     177          4
a     175     174        100
a     175     170        100
a     176     212          1
a     176     177        100
a     176     181        100
a     177     215          0
a     177     178        100
a     177     176        100
a     177     182        100
a     178     203          1
a     178     179        100
a     178     177        100
a     178     183        100
a     179     202          4
a     179     180        100
a     179     178        100
a     179     184        100
a     180     222          0
a     180     179        100
a     180     185        100
a     181     225          3
a     181     182        100
a     181     186        100
a     181     176        100
a     182     216          2
a     182     183        100
a     182     181        100
a     182     187        100
a     182     177        100
a     183     224          2
a     183     184        100
a     183     182        100
a     183     188        100
a     183     178        100
a     184     220          2
a     184     185        100
a     184     183        100
a     184     189        100
a     184     179        100
a     185     211          3
a     185     184        100
a     185     190        100
a     185     180        100
a     186     208          3
a     186     187        100
a     186     191        100
a     186     181        100
a     187     219          1
a     187     188        100
a     187     186        100
a     187     192        100
a     187     182        100
a     188     214          3
a     188     189        100
a     188     187        100
a     188     193        100
a     188     183        100
a     189     201          2
a     189     190        100
a     189     188        100
a     189     194        100
a     189     184        100
a     190     218          2
a     190     189        100
a     190     195        100
a     190     185        100
a     191     207          0
a     191     192        100
a     191     196        100
a     191     186        100
a     192     206          0
a     192     193        100
a     192     191        100
a     192     197        100
a     192     187        100
a     193     210          0
a     193     194        100
a     193     192        100
a     193     198        100
a     193     188        100
a     194     223          4
a     194     195        100
a     194     193        100
a     194     199        100
a     194     189        100
a     195     209          0
a     195     194        100
a     195     200        100
a     195     190        100
a     196     213          2
a     196     197        100
a     196     191        100
a     197     205          3
a     197     198        100
a     197     196        100
a     197     192        100
a     198     204          4
a     198     199        100
a     198     197        100
a     198     193        100
a     199     221          3
a     199     200        100
a     199     198        100
a     199     194        100
a     200     217          0
a     200     199        100
a     200     195        100
a     201     239          0
a     201     202        100
a     201     206        100
a     202     237          0
a     202     203        100
a     202     201        100
a     202     207        100
a     203     250          0
a     203     204        100
a     203     202        100
a     203     208        100
a     204     235          2
a     204     205        100
a     204     203        100
a     204     209        100
a     205     232          2
a     205     204        100
a     205     210        100
a     206     249          3
a     206     207        100
a     206     211        100
a     206     201        100
a     207     246          3
a     207     208        100
a     207     206        100
a     207     212        100
a     207     202        100
a     208     226          3
a     208     209        100
a     208     207        100
a     208     213        100
a     208     203        100
a     209     243          4
a     209     210        100
a     209     208        100
a     209     214        100
a     209     204        100
a     210     233          2
a     210     209        100
a     210     215        100
a     210     205        100
a     211     229          4
a     211     212        100
a     211     216        100
a     211     206        100
a     212     231          0
a     212     213        100
a     212     211        100
a     212     217        100
a     212     207        100
a     213     241          0
a     213     214        100
a     213     212        100
a     213     218        100
a     213     208        100
a     214     227          3
a     214     215        100
a     214     213        100
a     214     219        100
a     214     209        100
a     215     248          4
a     215     214        100
a     215     220        100
a     215     210        100
a     216     244          1
a     216     217        100
a     216     221        100
a     216     211        100
a     217     230          3
a     217     218        100
a     217     216        100
a     217     222        100
a     217     212        100
a     218     240          4
a     218     219        100
a     218     217        100
a     218     223        100
a     218     213        100
a     219     247          1
a     219     220        100
a     219     218        100
a     219     224        100
a     219     214        100
a     220     242          3
a     220     219        100
a     220     225        100
a     220     215        100
a     221     236          2
a     221     222        100
a     221     216        100
a     222     228          3
a     222     223        100
a     222     221        100
a     222     217        100
a     223     234          0
a     223     224        100
a     223     222        100
a     223     218        100
a     224     238          2
a     224     225        100
a     224     223        100
a     224     219        100
a     225     245          3
a     225     224        100
a     225     220        100
a     226     264          1
a     226     227        100
a     226     231        100
a     227     263          0
a     227     228        100
a     227     226        100
a     227     232        100
a     228     255          1
a     228     229        100
a     228     227        100
a     228     233        100
a     229     266          3
a     229     230        100
a     229     228        100
a     229     234        100
a     230     272          3
a     230     229        100
a     230     235        100
a     231     253          3
a     231     232        100
a     231     236        100
a     231     226        100
a     232     254          4
a     232     233        100
a     232     231        100
a     232     237        100
a     232     227        100
a     233     257          2
a     233     234        100
a     233     232        100
a     233     238        100
a     233     228        100
a     234     261          4
a     234     235        100
a     234     233        100
a     234     239        100
a     234     229        100
a     235     262          2
a     235     234        100
a     235     240        100
a     235     230        100
a     236     274          3
a     236     237        100
a     236     241        100
a     236     231        100
a     237     251          0
a     237     238        100
a     237     236        100
a     237     242        100
a     237     232        100
a     238     269          4
a     238     239        100
a     238     237        100
a     238     243        100
a     238     233        100
a     239     265          3
a     239     240        100
a     239     238        100
a     239     244        100
a     239     234        100
a     240     268          0
a     240     239        100
a     240     245        100
a     240     235        100
a     241     259          1
a     241     242        100
a     241     246        100
a     241     236        100
a     242     256          1
a     242     243        100
a     242     241        100
a     242     247        100
a     242     237        100
a     243     273          1
a     243     244        100
a     243     242        100
a     243     248        100
a     243     238        100
a     244     267          1
a     244     245        100
a     244     243        100
a     244     249        100
a     244     239        100
a     245     275          2
a     245     244        100
a     245     250        100
a     245     240        100
a     246     271          0
a     246     247        100
a     246     241        100
a     247     258          3
a     247     248        100
a     247     246        100
a     247     242        100
a     248     252          1
a     248     249        100
a     248     247        100
a     248     243        100
a     249     260          4
a     249     250        100
a     249     248        100
a     249     244        100
a     250     270          3
a     250     249        100
a     250     245        100
a     251     286          3
a     251     252        100
a     251     256        100
a     252     294          4
a     252     253        100
a     252     251        100
a     252     257        100
a     253     292          4
a     253     254        100
a     253     252        100
a     253     258        100
a     254     288          1
a     254     255        100
a     254     253        100
a     254     259        100
a     255     289          1
a     255     254        100
a     255     260        100
a     256     277          3
a     256     257        100
a     256     261        100
a     256     251        100
a     257     287          2
a     257     258        100
a     257     256        100
a     257     262        100
a     257     252        100
a     258     297          3
a     258     259        100
a     258     257        100
a     258     263        100
a     258     253        100
a     259     282          0
a     259     260        100
a     259     258        100
a     259     264        100
a     259     254        100
a     260     285          3
a     260     259        100
a     260     265        100
a     260     255        100
a     261     279          2
a     261     262        100
a     261     266        100
a     261     256        100
a     262     296          3
a     262     263        100
a     262     261        100
a     262     267        100
a     262     257        100
a     263     278          0
a     263     264        100
a     263     262        100
a     263     268        100
a     263     258        100
a     264     299          1
a     264     265        100
a     264     263        100
a     264     269        100
a     264     259        100
a     265     300          2
a     265     264        100
a     265     270        100
a     265     260        100
a     266     290          1
a     266     267        100
a     266     271        100
a     266     261        100
a     267     298          4
a     267     268        100
a     267     266        100
a     267     272        100
a     267     262        100
a     268     284          3
a     268     269        100
a     268     267        100
a     268     273        100
a     268     263        100
a     269     281          3
a     269     270        100
a     269     268        100
a     269     274        100
a     269     264        100
a     270     295          0
a     270     269        100
a     270     275        100
a     270     265        100
a     271     291          4
a     271     272        100
a     271     266        100
a     272     276          2
a     272     273        100
a     272     271        100
a     272     267        100
a     273     280          2
a     273     274        100
a     273     272        100
a     273     268        100
a     274     293          2
a     274     275        100
a     274     273        100
a     274     269        100
a     275     283          0
a     275     274        100
a     275     270        100
a     276     313          1
a     276     277        100
a     276     281        100
a     277     319          4
a     277     278        100
a     277     276        100
a     277     282        100
a     278     306          1
a     278     279        100
a     278     277        100
a     278     283        100
a     279     311          1
a     279     280        100
a     279     278        100
a     279     284        100
a     280     304          2
a     280     279        100
a     280     285        100
a     281     309          4
a     281     282        100
a     281     286        100
a     281     276        100
a     282     312          2
a     282     283        100
a     282     281        100
a     282     287        100
a     282     277        100
a     283     320          2
a     283     284        100
a     283     282        100
a     283     288        100
a     283     278        100
a     284     317          1
a     284     285        100
a     284     283        100
a     284     289        100
a     284     279        100
a     285     314          4
a     285     284        100
a     285     290        100
a     285     280        100
a     286     308          0
a     286     287        100
a     286     291        100
a     286     281        100
a     287     301          2
a     287     288        100
a     287     286        100
a     287     292        100
a     287     282        100
a     288     324          2
a     288     289        100
a     288     287        100
a     288     293        100
a     288     283        100
a     289     318          2
a     289     290        100
a     289     288        100
a     289     294        100
a     289     284        100
a     290     321          4
a     290     289        100
a     290     295        100
a     290     285        100
a     291     305          2
a     291     292        100
a     291     296        100
a     291     286        100
a     292     322          0
a     292     293        100
a     292     291        100
a     292     297        100
a     292     287        100
a     293     315          0
a     293     294        100
a     293     292        100
a     293     298        100
a     293     288        100
a     294     303          2
a     294     295        100
a     294     293        100
a     294     299        100
a     294     289        100
a     295     302          3
a     295     294        100
a     295     300        100
a     295     290        100
a     296     316          2
a     296     297        100
a     296     291        100
a     297     307          3
a     297     298        100
a     297     296        100
a     297     292        100
a     298     325          2
a     298     299        100
a     298     297        100
a     298     293        100
a     299     310          0
a     299     300        100
a     299     298        100
a     299     294        100
a     300     323          1
a     300     299        100
a     300     295        100
a     301     331          2
a     301     302        100
a     301     306        100
a     302     346          1
a     302     303        100
a     302     301        100
a     302     307        100
a     303     332          3
a     303     304        100
a     303     302        100
a     303     308        100
a     304     345          3
a     304     305        100
a     304     303        100
a     304     309        100
a     305     344          1
a     305     304        100
a     305     310        100
a     306     337          0
a     306     307        100
a     306     311        100
a     306     301        100
a     307     335          1
a     307     308        100
a     307     306        100
a     307     312        100
a     307     302        100
a     308     329          4
a     308     309        100
a     308     307        100
a     308     313        100
a     308     303        100
a     309     340          3
a     309     310        100
a     309     308        100
a     309     314        100
a     309     304        100
a     310     338          2
a     310     309        100
a     310     315        100
a     310     305        100
a     311     343          1
a     311     312        100
a     311     316        100
a     311     306        100
a     312     341          0
a     312     313        100
a     312     311        100
a     312     317        100
a     312     307        100
a     313     350          3
a     313     314        100
a     313     312        100
a     313     318        100
a     313     308        100
a     314     339          1
a     314     315        100
a     314     313        100
a     314     319        100
a     314     309        100
a     315     326          0
a     315     314        100
a     315     320        100
a     315     310        100
a     316     349          1
a     316     317        100
a     316     321        100
a     316     311        100
a     317     348          0
a     317     318        100
a     317     316        100
a     317     322        100
a     317     312        100
a     318     342          4
a     318     319        100
a     318     317        100
a     318     323        100
a     318     313        100
a     319     327          2
a     319     320        100
a     319     318        100
a     319     324        100
a     319     314        100
a     320     347          3
a     320     319        100
a     320     325        100
a     320     315        100
a     321     334          0
a     321     322        100
a     321     316        100
a     322     336          3
a     322     323        100
a     322     321        100
a     322     317        100
a     323     328          3
a     323     324        100
a     323     322        100
a     323     318        100
a     324     333          4
a     324     325        100
a     324     323        100
a     324     319        100
a     325     330          3
a     325     324        100
a     325     320        100
a     326     351          3
a     326     327        100
a     326     331        100
a     327     375          1
a     327     328        100
a     327     326        100
a     327     332        100
a     328     363          2
a     328     329        100
a     328     327        100
a     328     333        100
a     329     374          0
a     329     330        100
a     329     328        100
a     329     334        100
a     330     373          1
a     330     329        100
a     330     335        100
a     331     353          3
a     331     332        100
a     331     336        100
a     331     326        100
a     332     372          0
a     332     333        100
a     332     331        100
a     332     337        100
a     332     327        100
a     333     360          2
a     333     334        100
a     333     332        100
a     333     338        100
a     333     328        100
a     334     366          0
a     334     335        100
a     334     333        100
a     334     339        100
a     334     329        100
a     335     359          4
a     335     334        100
a     335     340        100
a     335     330        100
a     336     356          0
a     336     337        100
a     336     341        100
a     336     331        100
a     337     354          3
a     337     338        100
a     337     336        100
a     337     342        100
a     337     332        100
a     338     357          0
a     338     339        100
a     338     337        100
a     338     343        100
a     338     333        100
a     339     361          0
a     339     340        100
a     339     338        100
a     339     344        100
a     339     334        100
a     340     358          1
a     340     339        100
a     340     345        100
a     340     335        100
a     341     367          3
a     341     342        100
a     341     346        100
a     341     336        100
a     342     369          3
a     342     343        100
a     342     341        100
a     342     347        100
a     342     337        100
a     343     368          0
a     343     344        100
a     343     342        100
a     343     348        100
a     343     338        100
a     344     362          3
a     344     345        100
a     344     343        100
a     344     349        100
a     344     339        100
a     345     364          0
a     345     344        100
a     345     350        100
a     345     340        100
a     346     365          4
a     346     347        100
a     346     341        100
a     347     352          1
a     347     348        100
a     347     346        100
a     347     342        100
a     348     355          3
a     348     349        100
a     348     347        100
a     348     343        100
a     349     370          1
a     349     350        100
a     349     348        100
a     349     344        100
a     350     371          4
a     350     349        100
a     350     345        100
a     351     388          0
a     351     352        100
a     351     356        100
a     352     396          3
a     352     353        100
a     352     351        100
a     352     357        100
a     353     378          4
a     353     354        100
a     353     352        100
a     353     358        100
a     354     391          2
a     354     355        100
a     354     353        100
a     354     359        100
a     355     376          1
a     355     354        100
a     355     360        100
a     356     389          4
a     356     357        100
a     356     361        100
a     356     351        100
a     357     382          1
a     357     358        100
a     357     356        100
a     357     362        100
a     357     352        100
a     358     387          0
a     358     359        100
a     358     357        100
a     358     363        100
a     358     353        100
a     359     385          1
a     359     360        100
a     359     358        100
a     359     364        100
a     359     354        100
a     360     395          4
a     360     359        100
a     360     365        100
a     360     355        100
a     361     394          1
a     361     362        100
a     361     366        100
a     361     356        100
a     362     381          4
a     362     363        100
a     362     361        100
a     362     367        100
a     362     357        100
a     363     400          3
a     363     364        100
a     363     362        100
a     363     368        100
a     363     358        100
a     364     390          2
a     364     365        100
a     364     363        100
a     364     369        100
a     364     359        100
a     365     397          4
a     365     364        100
a     365     370        100
a     365     360        100
a     366     398          1
a     366     367        100
a     366     371        100
a     366     361        100
a     367     379          0
a     367     368        100
a     367     366        100
a     367     372        100
a     367     362        100
a     368     399          2
a     368     369        100
a     368     367        100
a     368     373        100
a     368     363        100
a     369     393          3
a     369     370        100
a     369     368        100
a     369     374        100
a     369     364        100
a     370     383          4
a     370     369        100
a     370     375        100
a     370     365        100
a     371     377          3
a     371     372        100
a     371     366        100
a     372     380          3
a     372     373        100
a     372     371        100
a     372     367        100
a     373     384          0
a     373     374        100
a     373     372        100
a     373     368        100
a     374     386          1
a     374     375        100
a     374     373        100
a     374     369        100
a     375     392          0
a     375     374        100
a     375     370        100
a     376     425          3
a     376     377        100
a     376     381        100
a     377     424          4
a     377     378        100
a     377     376        100
a     377     382        100
a     378     423          1
a     378     379        100
a     378     377        100
a     378     383        100
a     379     418          2
a     379     380        100
a     379     378        100
a     379     384        100
a     380     405          0
a     380     379        100
a     380     385        100
a     381     415          4
a     381     382        100
a     381     386        100
a     381     376        100
a     382     421          2
a     382     383        100
a     382     381        100
a     382     387        100
a     382     377        100
a     383     401          4
a     383     384        100
a     383     382        100
a     383     388        100
a     383     378        100
a     384     406          2
a     384     385        100
a     384     383        100
a     384     389        100
a     384     379        100
a     385     412          1
a     385     384        100
a     385     390        100
a     385     380        100
a     386     422          4
a     386     387        100
a     386     391        100
a     386     381        100
a     387     411          3
a     387     388        100
a     387     386        100
a     387     392        100
a     387     382        100
a     388     402          1
a     388     389        100
a     388     387        100
a     388     393        100
a     388     383        100
a     389     404          3
a     389     390        100
a     389     388        100
a     389     394        100
a     389     384        100
a     390     419          3
a     390     389        100
a     390     395        100
a     390     385        100
a     391     408          0
a     391     392        100
a     391     396        100
a     391     386        100
a     392     407          3
a     392     393        100
a     392     391        100
a     392     397        100
a     392     387        100
a     393     414          4
a     393     394        100
a     393     392        100
a     393     398        100
a     393     388        100
a     394     417          2
a     394     395        100
a     394     393        100
a     394     399        100
a     394     389        100
a     395     420          4
a     395     394        100
a     395     400        100
a     395     390        100
a     396     413          2
a     396     397        100
a     396     391        100
a     397     403          3
a     397     398        100
a     397     396        100
a     397     392        100
a     398     409          3
a     398     399        100
a     398     397        100
a     398     393        100
a     399     416          0
a     399     400        100
a     399     398        100
a     399     394        100
a     400     410          2
a     400     399        100
a     400     395        100
a     401     434          1
a     401     402        100
a     401     406        100
a     402     435          0
a     402     403        100
a     402     401        100
a     402     407        100
a     403     439          0
a     403     404        100
a     403     402        100
a     403     408        100
a     404     444          4
a     404     405        100
a     404     403        100
a     404     409        100
a     405     437          4
a     405     404        100
a     405     410        100
a     406     450          4
a     406     407        100
a     406     411        100
a     406     401        100
a     407     430          0
a     407     408        100
a     407     406        100
a     407     412        100
a     407     402        100
a     408     429          1
a     408     409        100
a     408     407        100
a     408     413        100
a     408     403        100
a     409     447          2
a     409     410        100
a     409     408        100
a     409     414        100
a     409     404        100
a     410     440          4
a     410     409        100
a     410     415        100
a     410     405        100
a     411     441          4
a     411     412        100
a     411     416        100
a     411     406        100
a     412     445          4
a     412     413        100
a     412     411        100
a     412     417        100
a     412     407        100
a     413     448          1
a     413     414        100
a     413     412        100
a     413     418        100
a     413     408        100
a     414     449          0
a     414     415        100
a     414     413        100
a     414     419        100
a     414     409        100
a     415     442          0
a     415     414        100
a     415     420        100
a     415     410        100
a     416     443          2
a     416     417        100
a     416     421        100
a     416     411        100
a     417     431          3
a     417     418        100
a     417     416        100
a     417     422        100
a     417     412        100
a     418     438          0
a     418     419        100
a     418     417        100
a     418     423        100
a     418     413        100
a     419     426          0
a     419     420        100
a     419     418        100
a     419     424        100
a     419     414        100
a     420     446          0
a     420     419        100
a     420     425        100
a     420     415        100
a     421     436          3
a     421     422        100
a     421     416        100
a     422     427          2
a     422     423        100
a     422     421        100
a     422     417        100
a     423     433          3
a     423     424        100
a     423     422        100
a     423     418        100
a     424     428          0
a     424     425        100
a     424     423        100
a     424     419        100
a     425     432          1
a     425     424        100
a     425     420        100
a     426     459          4
a     426     427        100
a     426     431        100
a     427     452          2
a     427     428        100
a     427     426        100
a     427     432        100
a     428     475          0
a     428     429        100
a     428     427        100
a     428     433        100
a     429     458          1
a     429     430        100
a     429     428        100
a     429     434        100
a     430     470          2
a     430     429        100
a     430     435        100
a     431     465          1
a     431     432        100
a     431     436        100
a     431     426        100
a     432     469          4
a     432     433        100
a     432     431        100
a     432     437        100
a     432     427        100
a     433     462          3
a     433     434        100
a     433     432        100
a     433     438        100
a     433     428        100
a     434     468          2
a     434     435        100
a     434     433        100
a     434     439        100
a     434     429        100
a     435     456          2
a     435     434        100
a     435     440        100
a     435     430        100
a     436     473          0
a     436     437        100
a     436     441        100
a     436     431        100
a     437     464          1
a     437     438        100
a     437     436        100
a     437     442        100
a     437     432        100
a     438     457          3
a     438     439        100
a     438     437        100
a     438     443        100
a     438     433        100
a     439     472          0
a     439     440        100
a     439     438        100
a     439     444        100
a     439     434        100
a     440     453          1
a     440     439        100
a     440     445        100
a     440     435        100
a     441     467          1
a     441     442        100
a     441     446        100
a     441     436        100
a     442     466          4
a     442     443        100
a     442     441        100
a     442     447        100
a     442     437        100
a     443     463          1
a     443     444        100
a     443     442        100
a     443     448        100
a     443     438        100
a     444     461          1
a     444     445        100
a     444     443        100
a     444     449        100
a     444     439        100
a     445     451          4
a     445     444        100
a     445     450        100
a     445     440        100
a     446     454          4
a     446     447        100
a     446     441        100
a     447     471          4
a     447     448        100
a     447     446        100
a     447     442        100
a     448     455          3
a     448     449        100
a     448     447        100
a     448     443        100
a     449     474          0
a     449     450        100
a     449     448        100
a     449     444        100
a     450     460          2
a     450     449        100
a     450     445        100
a     451     479          4
a     451     452        100
a     451     456        100
a     452     483          2
a     452     453        100
a     452     451        100
a     452     457        100
a     453     499          1
a     453     454        100
a     453     452        100
a     453     458        100
a     454     500          0
a     454     455        100
a     454     453        100
a     454     459        100
a     455     480          2
a     455     454        100
a     455     460        100
a     456     495          1
a     456     457        100
a     456     461        100
a     456     451        100
a     457     490          0
a     457     458        100
a     457     456        100
a     457     462        100
a     457     452        100
a     458     481          1
a     458     459        100
a     458     457        100
a     458     463        100
a     458     453        100
a     459     484          4
a     459     460        100
a     459     458        100
a     459     464        100
a     459     454        100
a     460     482          2
a     460     459        100
a     460     465        100
a     460     455        100
a     461     498          2
a     461     462        100
a     461     466        100
a     461     456        100
a     462     491          4
a     462     463        100
a     462     461        100
a     462     467        100
a     462     457        100
a     463     477          0
a     463     464        100
a     463     462        100
a     463     468        100
a     463     458        100
a     464     494          4
a     464     465        100
a     464     463        100
a     464     469        100
a     464     459        100
a     465     486          4
a     465     464        100
a     465     470        100
a     465     460        100
a     466     478          0
a     466     467        100
a     466     471        100
a     466     461        100
a     467     493          0
a     467     468        100
a     467     466        100
a     467     472        100
a     467     462        100
a     468     485          3
a     468     469        100
a     468     467        100
a     468     473        100
a     468     463        100
a     469     497          4
a     469     470        100
a     469     468        100
a     469     474        100
a     469     464        100
a     470     489          4
a     470     469        100
a     470     475        100
a     470     465        100
a     471     496          4
a     471     472        100
a     471     466        100
a     472     492          4
a     472     473        100
a     472     471        100
a     472     467        100
a     473     487          1
a     473     474        100
a     473     472        100
a     473     468        100
a     474     476          0
a     474     475        100
a     474     473        100
a     474     469        100
a     475     488          0
a     475     474        100
a     475     470        100
a     476     509          0
a     476     477        100
a     476     481        100
a     477     511          2
a     477     478        100
a     477     476        100
a     477     482        100
a     478     505          2
a     478     479        100
a     478     477        100
a     478     483        100
a     479     516          2
a     479     480        100
a     479     478        100
a     479     484        100
a     480     513          3
a     480     479        100
a     480     485        100
a     481     510          0
a     481     482        100
a     481     486        100
a     481     476        100
a     482     514          4
a     482     483        100
a     482     481        100
a     482     487        100
a     482     477        100
a     483     518          2
a     483     484        100
a     483     482        100
a     483     488        100
a     483     478        100
a     484     507          4
a     484     485        100
a     484     483        100
a     484     489        100
a     484     479        100
a     485     517          4
a     485     484        100
a     485     490        100
a     485     480        100
a     486     523          4
a     486     487        100
a     486     491        100
a     486     481        100
a     487     520          1
a     487     488        100
a     487     486        100
a     487     492        100
a     487     482        100
a     488     512          2
a     488     489        100
a     488     487        100
a     488     493        100
a     488     483        100
a     489     521          3
a     489     490        100
a     489     488        100
a     489     494        100
a     489     484        100
a     490     504          2
a     490     489        100
a     490     495        100
a     490     485        100
a     491     515          1
a     491     492        100
a     491     496        100
a     491     486        100
a     492     508          2
a     492     493        100
a     492     491        100
a     492     497        100
a     492     487        100
a     493     502          0
a     493     494        100
a     493     492        100
a     493     498        100
a     493     488        100
a     494     524          1
a     494     495        100
a     494     493        100
a     494     499        100
a     494     489        100
a     495     503          0
a     495     494        100
a     495     500        100
a     495     490        100
a     496     522          0
a     496     497        100
a     496     491        100
a     497     501          3
a     497     498        100
a     497     496        100
a     497     492        100
a     498     525          4
a     498     499        100
a     498     497        100
a     498     493        100
a     499     506          2
a     499     500        100
a     499     498        100
a     499     494        100
a     500     519          1
a     500     499        100
a     500     495        100
a     501     550          3
a     501     502        100
a     501     506        100
a     502     531          4
a     502     503        100
a     502     501        100
a     502     507        100
a     503     543          0
a     503     504        100
a     503     502        100
a     503     508        100
a     504     547          0
a     504     505        100
a     504     503        100
a     504     509        100
a     505     534          2
a     505     504        100
a     505     510        100
a     506     542          0
a     506     507        100
a     506     511        100
a     506     501        100
a     507     537          1
a     507     508        100
a     507     506        100
a     507     512        100
a     507     502        100
a     508     530          3
a     508     509        100
a     508     507        100
a     508     513        100
a     508     503        100
a     509     545          3
a     509     510        100
a     509     508        100
a     509     514        100
a     509     504        100
a     510     548          0
a     510     509        100
a     510     515        100
a     510     505        100
a     511     527          2
a     511     512        100
a     511     516        100
a     511     506        100
a     512     539          2
a     512     513        100
a     512     511        100
a     512     517        100
a     512     507        100
a     513     541          2
a     513     514        100
a     513     512        100
a     513     518        100
a     513     508        100
a     514     536          4
a     514     515        100
a     514     513        100
a     514     519        100
a     514     509        100
a     515     535          4
a     515     514        100
a     515     520        100
a     515     510        100
a     516     532          1
a     516     517        100
a     516     521        100
a     516     511        100
a     517     538          1
a     517     518        100
a     517     516        100
a     517     522        100
a     517     512        100
a     518     540          4
a     518     519        100
a     518     517        100
a     518     523        100
a     518     513        100
a     519     546          2
a     519     520        100
a     519     518        100
a     519     524        100
a     519     514        100
a     520     544          2
a     520     519        100
a     520     525        100
a     520     515        100
a     521     549          3
a     521     522        100
a     521     516        100
a     522     528          3
a     522     523        100
a     522     521        100
a     522     517        100
a     523     533          0
a     523     524        100
a     523     522        100
a     523     518        100
a     524     526          2
a     524     525        100
a     524     523        100
a     524     519        100
a     525     529          4
a     525     524        100
a     525     520        100
a     526     553          0
a     526     527        100
a     526     531        100
a     527     557          0
a     527     528        100
a     527     526        100
a     527     532        100
a     528     559          4
a     528     529        100
a     528     527        100
a     528     533        100
a     529     564          3
a     529     530        100
a     529     528        100
a     529     534        100
a     530     566          3
a     530     529        100
a     530     535        100
a     531     567          1
a     531     532        100
a     531     536        100
a     531     526        100
a     532     554          0
a     532     533        100
a     532     531        100
a     532     537        100
a     532     527        100
a     533     558          0
a     533     534        100
a     533     532        100
a     533     538        100
a     533     528        100
a     534     555          2
a     534     535        100
a     534     533        100
a     534     539        100
a     534     529        100
a     535     563          2
a     535     534        100
a     535     540        100
a     535     530        100
a     536     565          1
a     536     537        100
a     536     541        100
a     536     531        100
a     537     571          2
a     537     538        100
a     537     536        100
a     537     542        100
a     537     532        100
a     538     551          2
a     538     539        100
a     538     537        100
a     538     543        100
a     538     533        100
a     539     573          0
a     539     540        100
a     539     538        100
a     539     544        100
a     539     534        100
a     540     568          2
a     540     539        100
a     540     545        100
a     540     535        100
a     541     560          0
a     541     542        100
a     541     546        100
a     541     536        100
a     542     561          0
a     542     543        100
a     542     541        100
a     542     547        100
a     542     537        100
a     543     556          1
a     543     544        100
a     543     542        100
a     543     548        100
a     543     538        100
a     544     575          3
a     544     545        100
a     544     543        100
a     544     549        100
a     544     539        100
a     545     562          1
a     545     544        100
a     545     550        100
a     545     540        100
a     546     569          2
a     546     547        100
a     546     541        100
a     547     574          1
a     547     548        100
a     547     546        100
a     547     542        100
a     548     572          0
a     548     549        100
a     548     547        100
a     548     543        100
a     549     570          4
a     549     550        100
a     549     548        100
a     549     544        100
a     550     552          0
a     550     549        100
a     550     545        100
a     551     552        100
a     551     556        100
a     552     553        100
a     552     551        100
a     552     557        100
a     553     554        100
a     553     552        100
a     553     558        100
a     554     555        100
a     554     553        100
a     554     559        100
a     555     554        100
a     555     560        100
a     556     557        100
a     556     561        100
a     556     551        100
a     557     558        100
a     557     556        100
a     557     562        100
a     557     552        100
a     558     559        100
a     558     557        100
a     558     563        100
a     558     553        100
a     559     560        100
a     559     558        100
a     559     564        100
a     559     554        100
a     560     559        100
a     560     565        100
a     560     555        100
a     561     562        100
a     561     566        100
a     561     556        100
a     562     563        100
a     562     561        100
a     562     567        100
a     562     557        100
a     563     564        100
a     563     562        100
a     563     568        100
a     563     558        100
a     564     565        100
a     564     563        100
a     564     569        100
a     564     559        100
a     565     564        100
a     565     570        100
a     565     560        100
a     566     567        100
a     566     571        100
a     566     561        100
a     567     568        100
a     567     566        100
a     567     572        100
a     567     562        100
a     568     569        100
a     568     567        100
a     568     573        100
a     568     563        100
a     569     570        100
a     569     568        100
a     569     574        100
a     569     564        100
a     570     569        100
a     570     575        100
a     570     565        100
a     571     572        100
a     571     566        100
a     572     573        100
a     572     571        100
a     572     567        100
a     573     574        100
a     573     572        100
a     573     568        100
a     574     575        100
a     574     573        100
a     574     569        100
a     575     574        100
a     575     570        100
