c This file was generated by genrmf.
c The parameters are: a: 5 b: 23 c1: 0 c2: 4 seed: 9
p max     575       2390
n       1 s
n     575 t
a       1      26          4
a       1       2        100
a       1       6        100
a       2      29          1
a       2       3        100
a       2       1        100
a       2       7        100
a       3      45          0
a       3       4        100
a       3       2        100
a       3       8        100
a       4      30          0
a       4       5        100
a       4       3        100
a       4       9        100
a       5      39          1
a       5       4        100
a       5      10        100
a       6      28          0
a       6       7        100
a       6      11        100
a       6       1        100
a       7      34          4
a       7       8        100
a       7       6        100
a       7      12        100
a       7       2        100
a       8      50          2
a       8       9        100
a       8       7        100
a       8      13        100
a       8       3        100
a       9      46          1
a       9      10        100
a       9       8        100
a       9      14        100
a       9       4        100
a      10      40          0
a      10       9        100
a      10      15        100
a      10       5        100
a      11      44          1
a      11      12        100
a      11      16        100
a      11       6        100
a      12      41          2
a      12      13        100
a      12      11        100
a      12      17        100
a      12       7        100
a      13      42          4
a      13      14        100
a      13      12        100
a      13      18        100
a      13       8        100
a      14      36          2
a      14      15        100
a      14      13        100
a      14      19        100
a      14       9        100
a      15      27          3
a      15      14        100
a      15      20        100
a      15      10        100
a      16      38          2
a      16      17        100
a      16      21        100
a      16      11        100
a      17      32          3
a      17      18        100
a      17      16        100
a      17      22        100
a      17      12        100
a      18      31          2
a      18      19        100
a      18      17        100
a      18      23        100
a      18      13        100
a      19      47          1
a      19      20        100
a      19      18        100
a      19      24        100
a      19      14        100
a      20      48          4
a      20      19        100
a      20      25        100
a      20      15        100
a      21      33          2
a      21      22        100
a      21      16        100
a      22      35          0
a      22      23        100
a      22      21        100
a      22      17        100
a      23      37          0
a      23      24        100
a      23      22        100
a      23      18        100
a      24      49          0
a      24      25        100
a      24      23        100
a      24      19        100
a      25      43          1
a      25      24        100
a      25      20        100
a      26      70          1
a      26      27        100
a      26      31        100
a      27      54          4
a      27      28        100
a      27      26        100
a      27      32        100
a      28      55          1
a      28      29        100
a      28      27        100
a      28      33        100
a      29      72          2
a      29      30        100
a      29      28        100
a      29      34        100
a      30      60          0
a      30      29        100
a      30      35        100
a      31      67          1
a      31      32        100
a      31      36        100
a      31      26        100
a      32      56          2
a      32      33        100
a      32      31        100
a      32      37        100
a      32      27        100
a      33      64          3
a      33      34        100
a      33      32        100
a      33      38        100
a      33      28        100
a      34      59          1
a      34      35        100
a      34      33        100
a      34      39        100
a      34      29        100
a      35      62          3
a      35      34        100
a      35      40        100
a      35      30        100
a      36      52          3
a      36      37        100
a      36      41        100
a      36      31        100
a      37      61          3
a      37      38        100
a      37      36        100
a      37      42        100
a      37      32        100
a      38      65          2
a      38      39        100
a      38      37        100
a      38      43        100
a      38      33        100
a      39      66          4
a      39      40        100
a      39      38        100
a      39      44        100
a      39      34        100
a      40      74          1
a      40      39        100
a      40      45        100
a      40      35        100
a      41      75          0
a      41      42        100
a      41      46        100
a      41      36        100
a      42      51          4
a      42      43        100
a      42      41        100
a      42      47        100
a      42      37        100
a      43      68          4
a      43      44        100
a      43      42        100
a      43      48        100
a      43      38        100
a      44      69          1
a      44      45        100
a      44      43        100
a      44      49        100
a      44      39        100
a      45      71          2
a      45      44        100
a      45      50        100
a      45      40        100
a      46      73          1
a      46      47        100
a      46      41        100
a      47      57          0
a      47      48        100
a      47      46        100
a      47      42        100
a      48      58          3
a      48      49        100
a      48      47        100
a      48      43        100
a      49      53          2
a      49      50        100
a      49      48        100
a      49      44        100
a      50      63          3
a      50      49        100
a      50      45        100
a      51      86          0
a      51      52        100
a      51      56        100
a      52      84          4
a      52      53        100
a      52      51        100
a      52      57        100
a      53      92          1
a      53      54        100
a      53      52        100
a      53      58        100
a      54      78          2
a      54      55        100
a      54      53        100
a      54      59        100
a      55      79          1
a      55      54        100
a      55      60        100
a      56      77          3
a      56      57        100
a      56      61        100
a      56      51        100
a      57      93          0
a      57      58        100
a      57      56        100
a      57      62        100
a      57      52        100
a      58      97          2
a      58      59        100
a      58      57        100
a      58      63        100
a      58      53        100
a      59      91          3
a      59      60        100
a      59      58        100
a      59      64        100
a      59      54        100
a      60     100          4
a      60      59        100
a      60      65        100
a      60      55        100
a      61      96          2
a      61      62        100
a      61      66        100
a      61      56        100
a      62      95          4
a      62      63        100
a      62      61        100
a      62      67        100
a      62      57        100
a      63      87          2
a      63      64        100
a      63      62        100
a      63      68        100
a      63      58        100
a      64      76          1
a      64      65        100
a      64      63        100
a      64      69        100
a      64      59        100
a      65      90          3
a      65      64        100
a      65      70        100
a      65      60        100
a      66      82          1
a      66      67        100
a      66      71        100
a      66      61        100
a      67      98          3
a      67      68        100
a      67      66        100
a      67      72        100
a      67      62        100
a      68      80          3
a      68      69        100
a      68      67        100
a      68      73        100
a      68      63        100
a      69      88          4
a      69      70        100
a      69      68        100
a      69      74        100
a      69      64        100
a      70      83          3
a      70      69        100
a      70      75        100
a      70      65        100
a      71      94          2
a      71      72        100
a      71      66        100
a      72      85          0
a      72      73        100
a      72      71        100
a      72      67        100
a      73      81          4
a      73      74        100
a      73      72        100
a      73      68        100
a      74      89          1
a      74      75        100
a      74      73        100
a      74      69        100
a      75      99          3
a      75      74        100
a      75      70        100
a      76     104          1
a      76      77        100
a      76      81        100
a      77     121          2
a      77      78        100
a      77      76        100
a      77      82        100
a      78     119          4
a      78      79        100
a      78      77        100
a      78      83        100
a      79     125          1
a      79      80        100
a      79      78        100
a      79      84        100
a      80     120          0
a      80      79        100
a      80      85        100
a      81     111          4
a      81      82        100
a      81      86        100
a      81      76        100
a      82     116          0
a      82      83        100
a      82      81        100
a      82      87        100
a      82      77        100
a      83     118          2
a      83      84        100
a      83      82        100
a      83      88        100
a      83      78        100
a      84     122          2
a      84      85        100
a      84      83        100
a      84      89        100
a      84      79        100
a      85     113          2
a      85      84        100
a      85      90        100
a      85      80        100
a      86     114          0
a      86      87        100
a      86      91        100
a      86      81        100
a      87     103          3
a      87      88        100
a      87      86        100
a      87      92        100
a      87      82        100
a      88     112          3
a      88      89        100
a      88      87        100
a      88      93        100
a      88      83        100
a      89     107          4
a      89      90        100
a      89      88        100
a      89      94        100
a      89      84        100
a      90     124          0
a      90      89        100
a      90      95        100
a      90      85        100
a      91     123          1
a      91      92        100
a      91      96        100
a      91      86        100
a      92     109          0
a      92      93        100
a      92      91        100
a      92      97        100
a      92      87        100
a      93     110          0
a      93      94        100
a      93      92        100
a      93      98        100
a      93      88        100
a      94     115          0
a      94      95        100
a      94      93        100
a      94      99        100
a      94      89        100
a      95     101          1
a      95      94        100
a      95     100        100
a      95      90        100
a      96     108          4
a      96      97        100
a      96      91        100
a      97     106          4
a      97      98        100
a      97      96        100
a      97      92        100
a      98     117          0
a      98      99        100
a      98      97        100
a      98      93        100
a      99     102          3
a      99     100        100
a      99      98        100
a      99      94        100
a     100     105          3
a     100      99        100
a     100      95        100
a     101     134          4
a     101     102        100
a     101     106        100
a     102     150          4
a     102     103        100
a     102     101        100
a     102     107        100
a     103     140          1
a     103     104        100
a     103     102        100
a     103     108        100
a     104     149          2
a     104     105        100
a     104     103        100
a     104     109        100
a     105     128          0
a     105     104        100
a     105     110        100
a     106     139          0
a     106     107        100
a     106     111        100
a     106     101        100
a     107     132          1
a     107     108        100
a     107     106        100
a     107     112        100
a     107     102        100
a     108     141          2
a     108     109        100
a     108     107        100
a     108     113        100
a     108     103        100
a     109     144          2
a     109     110        100
a     109     108        100
a     109     114        100
a     109     104        100
a     110     147          0
a     110     109        100
a     110     115        100
a     110     105        100
a     111     142          4
a     111     112        100
a     111     116        100
a     111     106        100
a     112     145          0
a     112     113        100
a     112     111        100
a     112     117        100
a     112     107        100
a     113     129          2
a     113     114        100
a     113     112        100
a     113     118        100
a     113     108        100
a     114     126          3
a     114     115        100
a     114     113        100
a     114     119        100
a     114     109        100
a     115     138          3
a     115     114        100
a     115     120        100
a     115     110        100
a     116     148          0
a     116     117        100
a     116     121        100
a     116     111        100
a     117     143          2
a     117     118        100
a     117     116        100
a     117     122        100
a     117     112        100
a     118     137          0
a     118     119        100
a     118     117        100
a     118     123        100
a     118     113        100
a     119     133          4
a     119     120        100
a     119     118        100
a     119     124        100
a     119     114        100
a     120     130          1
a     120     119        100
a     120     125        100
a     120     115        100
a     121     135          1
a     121     122        100
a     121     116        100
a     122     146          0
a     122     123        100
a     122     121        100
a     122     117        100
a     123     136          1
a     123     124        100
a     123     122        100
a     123     118        100
a     124     127          1
a     124     125        100
a     124     123        100
a     124     119        100
a     125     131          0
a     125     124        100
a     125     120        100
a     126     162          3
a     126     127        100
a     126     131        100
a     127     175          4
a     127     128        100
a     127     126        100
a     127     132        100
a     128     173          3
a     128     129        100
a     128     127        100
a     128     133        100
a     129     171          1
a     129     130        100
a     129     128        100
a     129     134        100
a     130     155          1
a     130     129        100
a     130     135        100
a     131     157          2
a     131     132        100
a     131     136        100
a     131     126        100
a     132     174          1
a     132     133        100
a     132     131        100
a     132     137        100
a     132     127        100
a     133     159          3
a     133     134        100
a     133     132        100
a     133     138        100
a     133     128        100
a     134     156          1
a     134     135        100
a     134     133        100
a     134     139        100
a     134     129        100
a     135     160          1
a     135     134        100
a     135     140        100
a     135     130        100
a     136     154          4
a     136     137        100
a     136     141        100
a     136     131        100
a     137     167          1
a     137     138        100
a     137     136        100
a     137     142        100
a     137     132        100
a     138     172          3
a     138     139        100
a     138     137        100
a     138     143        100
a     138     133        100
a     139     158          3
a     139     140        100
a     139     138        100
a     139     144        100
a     139     134        100
a     140     152          1
a     140     139        100
a     140     145        100
a     140     135        100
a     141     151          0
a     141     142        100
a     141     146        100
a     141     136        100
a     142     163          0
a     142     143        100
a     142     141        100
a     142     147        100
a     142     137        100
a     143     170          1
a     143     144        100
a     143     142        100
a     143     148        100
a     143     138        100
a     144     165          2
a     144     145        100
a     144     143        100
a     144     149        100
a     144     139        100
a     145     161          2
a     145     144        100
a     145     150        100
a     145     140        100
a     146     168          0
a     146     147        100
a     146     141        100
a     147     169          3
a     147     148        100
a     147     146        100
a     147     142        100
a     148     166          0
a     148     149        100
a     148     147        100
a     148     143        100
a     149     164          1
a     149     150        100
a     149     148        100
a     149     144        100
a     150     153          0
a     150     149        100
a     150     145        100
a     151     180          0
a     151     152        100
a     151     156        100
a     152     196          3
a     152     153        100
a     152     151        100
a     152     157        100
a     153     195          0
a     153     154        100
a     153     152        100
a     153     158        100
a     154     191          3
a     154     155        100
a     154     153        100
a     154     159        100
a     155     182          4
a     155     154        100
a     155     160        100
a     156     181          4
a     156     157        100
a     156     161        100
a     156     151        100
a     157     190          3
a     157     158        100
a     157     156        100
a     157     162        100
a     157     152        100
a     158     192          2
a     158     159        100
a     158     157        100
a     158     163        100
a     158     153        100
a     159     178          0
a     159     160        100
a     159     158        100
a     159     164        100
a     159     154        100
a     160     187          0
a     160     159        100
a     160     165        100
a     160     155        100
a     161     193          1
a     161     162        100
a     161     166        100
a     161     156        100
a     162     185          0
a     162     163        100
a     162     161        100
a     162     167        100
a     162     157        100
a     163     186          0
a     163     164        100
a     163     162        100
a     163     168        100
a     163     158        100
a     164     189          0
a     164     165        100
a     164     163        100
a     164     169        100
a     164     159        100
a     165     176          3
a     165     164        100
a     165     170        100
a     165     160        100
a     166     194          4
a     166     167        100
a     166     171        100
a     166     161        100
a     167     200          4
a     167     168        100
a     167     166        100
a     167     172        100
a     167     162        100
a     168     179          3
a     168     169        100
a     168     167        100
a     168     173        100
a     168     163        100
a     169     184          4
a     169     170        100
a     169     168        100
a     169     174        100
a     169     164        100
a     170     188          2
a     170     169        100
a     170     175        100
a     170     165        100
a     171     177          4
a     171     172        100
a     171     166        100
a     172     197          1
a     172     173        100
a     172     171        100
a     172     167        100
a     173     198          4
a     173     174        100
a     173     172        100
a     173     168        100
a     174     199          3
a     174     175        100
a     174     173        100
a     174     169        100
a     175     183          3
a     175     174        100
a     175     170        100
a     176     209          2
a     176     177        100
a     176     181        100
a     177     225          1
a     177     178        100
a     177     176        100
a     177     182        100
a     178     206          0
a     178     179        100
a     178     177        100
a     178     183        100
a     179     210          0
a     179     180        100
a     179     178        100
a     179     184        100
a     180     223          2
a     180     179        100
a     180     185        100
a     181     219          3
a     181     182        100
a     181     186        100
a     181     176        100
a     182     201          0
a     182     183        100
a     182     181        100
a     182     187        100
a     182     177        100
a     183     202          1
a     183     184        100
a     183     182        100
a     183     188        100
a     183     178        100
a     184     220          0
a     184     185        100
a     184     183        100
a     184     189        100
a     184     179        100
a     185     216          2
a     185     184        100
a     185     190        100
a     185     180        100
a     186     211          0
a     186     187        100
a     186     191        100
a     186     181        100
a     187     215          0
a     187     188        100
a     187     186        100
a     187     192        100
a     187     182        100
a     188     203          2
a     188     189        100
a     188     187        100
a     188     193        100
a     188     183        100
a     189     214          1
a     189     190        100
a     189     188        100
a     189     194        100
a     189     184        100
a     190     208          1
a     190     189        100
a     190     195        100
a     190     185        100
a     191     218          0
a     191     192        100
a     191     196        100
a     191     186        100
a     192     205          1
a     192     193        100
a     192     191        100
a     192     197        100
a     192     187        100
a     193     204          4
a     193     194        100
a     193     192        100
a     193     198        100
a     193     188        100
a     194     224          0
a     194     195        100
a     194     193        100
a     194     199        100
a     194     189        100
a     195     212          3
a     195     194        100
a     195     200        100
a     195     190        100
a     196     217          3
a     196     197        100
a     196     191        100
a     197     222          1
a     197     198        100
a     197     196        100
a     197     192        100
a     198     207          3
a     198     199        100
a     198     197        100
a     198     193        100
a     199     221          2
a     199     200        100
a     199     198        100
a     199     194        100
a     200     213          3
a     200     199        100
a     200     195        100
a     201     227          1
a     201     202        100
a     201     206        100
a     202     238          0
a     202     203        100
a     202     201        100
a     202     207        100
a     203     228          1
a     203     204        100
a     203     202        100
a     203     208        100
a     204     249          1
a     204     205        100
a     204     203        100
a     204     209        100
a     205     243          4
a     205     204        100
a     205     210        100
a     206     235          0
a     206     207        100
a     206     211        100
a     206     201        100
a     207     246          4
a     207     208        100
a     207     206        100
a     207     212        100
a     207     202        100
a     208     244          2
a     208     209        100
a     208     207        100
a     208     213        100
a     208     203        100
a     209     242          4
a     209     210        100
a     209     208        100
a     209     214        100
a     209     204        100
a     210     236          1
a     210     209        100
a     210     215        100
a     210     205        100
a     211     233          2
a     211     212        100
a     211     216        100
a     211     206        100
a     212     241          0
a     212     213        100
a     212     211        100
a     212     217        100
a     212     207        100
a     213     229          1
a     213     214        100
a     213     212        100
a     213     218        100
a     213     208        100
a     214     240          1
a     214     215        100
a     214     213        100
a     214     219        100
a     214     209        100
a     215     234          1
a     215     214        100
a     215     220        100
a     215     210        100
a     216     245          1
a     216     217        100
a     216     221        100
a     216     211        100
a     217     237          1
a     217     218        100
a     217     216        100
a     217     222        100
a     217     212        100
a     218     230          2
a     218     219        100
a     218     217        100
a     218     223        100
a     218     213        100
a     219     226          0
a     219     220        100
a     219     218        100
a     219     224        100
a     219     214        100
a     220     231          1
a     220     219        100
a     220     225        100
a     220     215        100
a     221     250          1
a     221     222        100
a     221     216        100
a     222     247          0
a     222     223        100
a     222     221        100
a     222     217        100
a     223     248          2
a     223     224        100
a     223     222        100
a     223     218        100
a     224     239          0
a     224     225        100
a     224     223        100
a     224     219        100
a     225     232          1
a     225     224        100
a     225     220        100
a     226     264          1
a     226     227        100
a     226     231        100
a     227     275          0
a     227     228        100
a     227     226        100
a     227     232        100
a     228     254          2
a     228     229        100
a     228     227        100
a     228     233        100
a     229     273          1
a     229     230        100
a     229     228        100
a     229     234        100
a     230     267          0
a     230     229        100
a     230     235        100
a     231     262          4
a     231     232        100
a     231     236        100
a     231     226        100
a     232     269          2
a     232     233        100
a     232     231        100
a     232     237        100
a     232     227        100
a     233     261          2
a     233     234        100
a     233     232        100
a     233     238        100
a     233     228        100
a     234     258          2
a     234     235        100
a     234     233        100
a     234     239        100
a     234     229        100
a     235     274          2
a     235     234        100
a     235     240        100
a     235     230        100
a     236     252          3
a     236     237        100
a     236     241        100
a     236     231        100
a     237     253          1
a     237     238        100
a     237     236        100
a     237     242        100
a     237     232        100
a     238     255          4
a     238     239        100
a     238     237        100
a     238     243        100
a     238     233        100
a     239     272          2
a     239     240        100
a     239     238        100
a     239     244        100
a     239     234        100
a     240     263          1
a     240     239        100
a     240     245        100
a     240     235        100
a     241     270          3
a     241     242        100
a     241     246        100
a     241     236        100
a     242     257          4
a     242     243        100
a     242     241        100
a     242     247        100
a     242     237        100
a     243     268          3
a     243     244        100
a     243     242        100
a     243     248        100
a     243     238        100
a     244     271          3
a     244     245        100
a     244     243        100
a     244     249        100
a     244     239        100
a     245     260          2
a     245     244        100
a     245     250        100
a     245     240        100
a     246     265          2
a     246     247        100
a     246     241        100
a     247     266          0
a     247     248        100
a     247     246        100
a     247     242        100
a     248     259          0
a     248     249        100
a     248     247        100
a     248     243        100
a     249     251          3
a     249     250        100
a     249     248        100
a     249     244        100
a     250     256          1
a     250     249        100
a     250     245        100
a     251     298          0
a     251     252        100
a     251     256        100
a     252     290          2
a     252     253        100
a     252     251        100
a     252     257        100
a     253     287          0
a     253     254        100
a     253     252        100
a     253     258        100
a     254     281          0
a     254     255        100
a     254     253        100
a     254     259        100
a     255     277          3
a     255     254        100
a     255     260        100
a     256     276          3
a     256     257        100
a     256     261        100
a     256     251        100
a     257     293          1
a     257     258        100
a     257     256        100
a     257     262        100
a     257     252        100
a     258     299          3
a     258     259        100
a     258     257        100
a     258     263        100
a     258     253        100
a     259     285          3
a     259     260        100
a     259     258        100
a     259     264        100
a     259     254        100
a     260     296          2
a     260     259        100
a     260     265        100
a     260     255        100
a     261     297          1
a     261     262        100
a     261     266        100
a     261     256        100
a     262     278          2
a     262     263        100
a     262     261        100
a     262     267        100
a     262     257        100
a     263     295          3
a     263     264        100
a     263     262        100
a     263     268        100
a     263     258        100
a     264     292          4
a     264     265        100
a     264     263        100
a     264     269        100
a     264     259        100
a     265     282          3
a     265     264        100
a     265     270        100
a     265     260        100
a     266     288          4
a     266     267        100
a     266     271        100
a     266     261        100
a     267     284          3
a     267     268        100
a     267     266        100
a     267     272        100
a     267     262        100
a     268     286          1
a     268     269        100
a     268     267        100
a     268     273        100
a     268     263        100
a     269     283          4
a     269     270        100
a     269     268        100
a     269     274        100
a     269     264        100
a     270     279          2
a     270     269        100
a     270     275        100
a     270     265        100
a     271     289          2
a     271     272        100
a     271     266        100
a     272     294          3
a     272     273        100
a     272     271        100
a     272     267        100
a     273     280          0
a     273     274        100
a     273     272        100
a     273     268        100
a     274     300          2
a     274     275        100
a     274     273        100
a     274     269        100
a     275     291          1
a     275     274        100
a     275     270        100
a     276     314          3
a     276     277        100
a     276     281        100
a     277     305          0
a     277     278        100
a     277     276        100
a     277     282        100
a     278     318          4
a     278     279        100
a     278     277        100
a     278     283        100
a     279     325          2
a     279     280        100
a     279     278        100
a     279     284        100
a     280     324          4
a     280     279        100
a     280     285        100
a     281     306          4
a     281     282        100
a     281     286        100
a     281     276        100
a     282     317          0
a     282     283        100
a     282     281        100
a     282     287        100
a     282     277        100
a     283     316          2
a     283     284        100
a     283     282        100
a     283     288        100
a     283     278        100
a     284     301          4
a     284     285        100
a     284     283        100
a     284     289        100
a     284     279        100
a     285     321          1
a     285     284        100
a     285     290        100
a     285     280        100
a     286     313          2
a     286     287        100
a     286     291        100
a     286     281        100
a     287     308          2
a     287     288        100
a     287     286        100
a     287     292        100
a     287     282        100
a     288     309          3
a     288     289        100
a     288     287        100
a     288     293        100
a     288     283        100
a     289     304          1
a     289     290        100
a     289     288        100
a     289     294        100
a     289     284        100
a     290     303          4
a     290     289        100
a     290     295        100
a     290     285        100
a     291     302          1
a     291     292        100
a     291     296        100
a     291     286        100
a     292     311          0
a     292     293        100
a     292     291        100
a     292     297        100
a     292     287        100
a     293     312          0
a     293     294        100
a     293     292        100
a     293     298        100
a     293     288        100
a     294     323          4
a     294     295        100
a     294     293        100
a     294     299        100
a     294     289        100
a     295     307          1
a     295     294        100
a     295     300        100
a     295     290        100
a     296     322          0
a     296     297        100
a     296     291        100
a     297     319          4
a     297     298        100
a     297     296        100
a     297     292        100
a     298     310          1
a     298     299        100
a     298     297        100
a     298     293        100
a     299     315          2
a     299     300        100
a     299     298        100
a     299     294        100
a     300     320          0
a     300     299        100
a     300     295        100
a     301     339          4
a     301     302        100
a     301     306        100
a     302     342          4
a     302     303        100
a     302     301        100
a     302     307        100
a     303     332          2
a     303     304        100
a     303     302        100
a     303     308        100
a     304     341          3
a     304     305        100
a     304     303        100
a     304     309        100
a     305     345          4
a     305     304        100
a     305     310        100
a     306     338          4
a     306     307        100
a     306     311        100
a     306     301        100
a     307     343          1
a     307     308        100
a     307     306        100
a     307     312        100
a     307     302        100
a     308     327          4
a     308     309        100
a     308     307        100
a     308     313        100
a     308     303        100
a     309     336          3
a     309     310        100
a     309     308        100
a     309     314        100
a     309     304        100
a     310     329          0
a     310     309        100
a     310     315        100
a     310     305        100
a     311     350          3
a     311     312        100
a     311     316        100
a     311     306        100
a     312     347          0
a     312     313        100
a     312     311        100
a     312     317        100
a     312     307        100
a     313     346          1
a     313     314        100
a     313     312        100
a     313     318        100
a     313     308        100
a     314     344          1
a     314     315        100
a     314     313        100
a     314     319        100
a     314     309        100
a     315     331          4
a     315     314        100
a     315     320        100
a     315     310        100
a     316     335          0
a     316     317        100
a     316     321        100
a     316     311        100
a     317     334          4
a     317     318        100
a     317     316        100
a     317     322        100
a     317     312        100
a     318     333          1
a     318     319        100
a     318     317        100
a     318     323        100
a     318     313        100
a     319     326          4
a     319     320        100
a     319     318        100
a     319     324        100
a     319     314        100
a     320     349          0
a     320     319        100
a     320     325        100
a     320     315        100
a     321     328          2
a     321     322        100
a     321     316        100
a     322     337          3
a     322     323        100
a     322     321        100
a     322     317        100
a     323     348          4
a     323     324        100
a     323     322        100
a     323     318        100
a     324     340          1
a     324     325        100
a     324     323        100
a     324     319        100
a     325     330          2
a     325     324        100
a     325     320        100
a     326     359          3
a     326     327        100
a     326     331        100
a     327     356          2
a     327     328        100
a     327     326        100
a     327     332        100
a     328     366          1
a     328     329        100
a     328     327        100
a     328     333        100
a     329     370          3
a     329     330        100
a     329     328        100
a     329     334        100
a     330     372          3
a     330     329        100
a     330     335        100
a     331     368          2
a     331     332        100
a     331     336        100
a     331     326        100
a     332     355          2
a     332     333        100
a     332     331        100
a     332     337        100
a     332     327        100
a     333     351          4
a     333     334        100
a     333     332        100
a     333     338        100
a     333     328        100
a     334     375          0
a     334     335        100
a     334     333        100
a     334     339        100
a     334     329        100
a     335     362          0
a     335     334        100
a     335     340        100
a     335     330        100
a     336     357          0
a     336     337        100
a     336     341        100
a     336     331        100
a     337     358          0
a     337     338        100
a     337     336        100
a     337     342        100
a     337     332        100
a     338     363          3
a     338     339        100
a     338     337        100
a     338     343        100
a     338     333        100
a     339     365          3
a     339     340        100
a     339     338        100
a     339     344        100
a     339     334        100
a     340     360          1
a     340     339        100
a     340     345        100
a     340     335        100
a     341     371          1
a     341     342        100
a     341     346        100
a     341     336        100
a     342     364          2
a     342     343        100
a     342     341        100
a     342     347        100
a     342     337        100
a     343     352          1
a     343     344        100
a     343     342        100
a     343     348        100
a     343     338        100
a     344     361          4
a     344     345        100
a     344     343        100
a     344     349        100
a     344     339        100
a     345     373          2
a     345     344        100
a     345     350        100
a     345     340        100
a     346     374          1
a     346     347        100
a     346     341        100
a     347     369          3
a     347     348        100
a     347     346        100
a     347     342        100
a     348     353          4
a     348     349        100
a     348     347        100
a     348     343        100
a     349     367          2
a     349     350        100
a     349     348        100
a     349     344        100
a     350     354          2
a     350     349        100
a     350     345        100
a     351     386          1
a     351     352        100
a     351     356        100
a     352     395          4
a     352     353        100
a     352     351        100
a     352     357        100
a     353     398          4
a     353     354        100
a     353     352        100
a     353     358        100
a     354     390          1
a     354     355        100
a     354     353        100
a     354     359        100
a     355     376          3
a     355     354        100
a     355     360        100
a     356     396          4
a     356     357        100
a     356     361        100
a     356     351        100
a     357     399          0
a     357     358        100
a     357     356        100
a     357     362        100
a     357     352        100
a     358     389          2
a     358     359        100
a     358     357        100
a     358     363        100
a     358     353        100
a     359     379          4
a     359     360        100
a     359     358        100
a     359     364        100
a     359     354        100
a     360     384          4
a     360     359        100
a     360     365        100
a     360     355        100
a     361     382          4
a     361     362        100
a     361     366        100
a     361     356        100
a     362     387          4
a     362     363        100
a     362     361        100
a     362     367        100
a     362     357        100
a     363     393          3
a     363     364        100
a     363     362        100
a     363     368        100
a     363     358        100
a     364     380          2
a     364     365        100
a     364     363        100
a     364     369        100
a     364     359        100
a     365     400          0
a     365     364        100
a     365     370        100
a     365     360        100
a     366     388          2
a     366     367        100
a     366     371        100
a     366     361        100
a     367     394          2
a     367     368        100
a     367     366        100
a     367     372        100
a     367     362        100
a     368     385          2
a     368     369        100
a     368     367        100
a     368     373        100
a     368     363        100
a     369     377          1
a     369     370        100
a     369     368        100
a     369     374        100
a     369     364        100
a     370     397          2
a     370     369        100
a     370     375        100
a     370     365        100
a     371     392          4
a     371     372        100
a     371     366        100
a     372     378          0
a     372     373        100
a     372     371        100
a     372     367        100
a     373     383          2
a     373     374        100
a     373     372        100
a     373     368        100
a     374     391          4
a     374     375        100
a     374     373        100
a     374     369        100
a     375     381          3
a     375     374        100
a     375     370        100
a     376     410          4
a     376     377        100
a     376     381        100
a     377     409          0
a     377     378        100
a     377     376        100
a     377     382        100
a     378     415          3
a     378     379        100
a     378     377        100
a     378     383        100
a     379     407          0
a     379     380        100
a     379     378        100
a     379     384        100
a     380     421          2
a     380     379        100
a     380     385        100
a     381     406          3
a     381     382        100
a     381     386        100
a     381     376        100
a     382     417          3
a     382     383        100
a     382     381        100
a     382     387        100
a     382     377        100
a     383     422          2
a     383     384        100
a     383     382        100
a     383     388        100
a     383     378        100
a     384     404          2
a     384     385        100
a     384     383        100
a     384     389        100
a     384     379        100
a     385     413          2
a     385     384        100
a     385     390        100
a     385     380        100
a     386     423          4
a     386     387        100
a     386     391        100
a     386     381        100
a     387     412          1
a     387     388        100
a     387     386        100
a     387     392        100
a     387     382        100
a     388     414          0
a     388     389        100
a     388     387        100
a     388     393        100
a     388     383        100
a     389     425          4
a     389     390        100
a     389     388        100
a     389     394        100
a     389     384        100
a     390     419          2
a     390     389        100
a     390     395        100
a     390     385        100
a     391     405          1
a     391     392        100
a     391     396        100
a     391     386        100
a     392     401          0
a     392     393        100
a     392     391        100
a     392     397        100
a     392     387        100
a     393     424          4
a     393     394        100
a     393     392        100
a     393     398        100
a     393     388        100
a     394     416          4
a     394     395        100
a     394     393        100
a     394     399        100
a     394     389        100
a     395     420          1
a     395     394        100
a     395     400        100
a     395     390        100
a     396     402          1
a     396     397        100
a     396     391        100
a     397     418          0
a     397     398        100
a     397     396        100
a     397     392        100
a     398     408          0
a     398     399        100
a     398     397        100
a     398     393        100
a     399     403          0
a     399     400        100
a     399     398        100
a     399     394        100
a     400     411          2
a     400     399        100
a     400     395        100
a     401     427          1
a     401     402        100
a     401     406        100
a     402     443          1
a     402     403        100
a     402     401        100
a     402     407        100
a     403     433          3
a     403     404        100
a     403     402        100
a     403     408        100
a     404     445          4
a     404     405        100
a     404     403        100
a     404     409        100
a     405     431          2
a     405     404        100
a     405     410        100
a     406     439          4
a     406     407        100
a     406     411        100
a     406     401        100
a     407     450          3
a     407     408        100
a     407     406        100
a     407     412        100
a     407     402        100
a     408     448          4
a     408     409        100
a     408     407        100
a     408     413        100
a     408     403        100
a     409     442          1
a     409     410        100
a     409     408        100
a     409     414        100
a     409     404        100
a     410     447          1
a     410     409        100
a     410     415        100
a     410     405        100
a     411     432          1
a     411     412        100
a     411     416        100
a     411     406        100
a     412     430          1
a     412     413        100
a     412     411        100
a     412     417        100
a     412     407        100
a     413     436          0
a     413     414        100
a     413     412        100
a     413     418        100
a     413     408        100
a     414     449          4
a     414     415        100
a     414     413        100
a     414     419        100
a     414     409        100
a     415     435          3
a     415     414        100
a     415     420        100
a     415     410        100
a     416     441          4
a     416     417        100
a     416     421        100
a     416     411        100
a     417     426          1
a     417     418        100
a     417     416        100
a     417     422        100
a     417     412        100
a     418     434          2
a     418     419        100
a     418     417        100
a     418     423        100
a     418     413        100
a     419     444          0
a     419     420        100
a     419     418        100
a     419     424        100
a     419     414        100
a     420     438          3
a     420     419        100
a     420     425        100
a     420     415        100
a     421     446          2
a     421     422        100
a     421     416        100
a     422     428          2
a     422     423        100
a     422     421        100
a     422     417        100
a     423     440          1
a     423     424        100
a     423     422        100
a     423     418        100
a     424     429          2
a     424     425        100
a     424     423        100
a     424     419        100
a     425     437          4
a     425     424        100
a     425     420        100
a     426     470          2
a     426     427        100
a     426     431        100
a     427     465          1
a     427     428        100
a     427     426        100
a     427     432        100
a     428     469          3
a     428     429        100
a     428     427        100
a     428     433        100
a     429     458          0
a     429     430        100
a     429     428        100
a     429     434        100
a     430     461          3
a     430     429        100
a     430     435        100
a     431     452          4
a     431     432        100
a     431     436        100
a     431     426        100
a     432     464          2
a     432     433        100
a     432     431        100
a     432     437        100
a     432     427        100
a     433     467          2
a     433     434        100
a     433     432        100
a     433     438        100
a     433     428        100
a     434     457          2
a     434     435        100
a     434     433        100
a     434     439        100
a     434     429        100
a     435     462          4
a     435     434        100
a     435     440        100
a     435     430        100
a     436     463          3
a     436     437        100
a     436     441        100
a     436     431        100
a     437     451          3
a     437     438        100
a     437     436        100
a     437     442        100
a     437     432        100
a     438     471          1
a     438     439        100
a     438     437        100
a     438     443        100
a     438     433        100
a     439     474          4
a     439     440        100
a     439     438        100
a     439     444        100
a     439     434        100
a     440     466          0
a     440     439        100
a     440     445        100
a     440     435        100
a     441     453          3
a     441     442        100
a     441     446        100
a     441     436        100
a     442     460          3
a     442     443        100
a     442     441        100
a     442     447        100
a     442     437        100
a     443     455          0
a     443     444        100
a     443     442        100
a     443     448        100
a     443     438        100
a     444     468          2
a     444     445        100
a     444     443        100
a     444     449        100
a     444     439        100
a     445     459          2
a     445     444        100
a     445     450        100
a     445     440        100
a     446     454          0
a     446     447        100
a     446     441        100
a     447     475          4
a     447     448        100
a     447     446        100
a     447     442        100
a     448     472          0
a     448     449        100
a     448     447        100
a     448     443        100
a     449     473          4
a     449     450        100
a     449     448        100
a     449     444        100
a     450     456          1
a     450     449        100
a     450     445        100
a     451     494          4
a     451     452        100
a     451     456        100
a     452     497          2
a     452     453        100
a     452     451        100
a     452     457        100
a     453     495          4
a     453     454        100
a     453     452        100
a     453     458        100
a     454     491          4
a     454     455        100
a     454     453        100
a     454     459        100
a     455     477          0
a     455     454        100
a     455     460        100
a     456     485          1
a     456     457        100
a     456     461        100
a     456     451        100
a     457     492          2
a     457     458        100
a     457     456        100
a     457     462        100
a     457     452        100
a     458     500          1
a     458     459        100
a     458     457        100
a     458     463        100
a     458     453        100
a     459     486          1
a     459     460        100
a     459     458        100
a     459     464        100
a     459     454        100
a     460     481          2
a     460     459        100
a     460     465        100
a     460     455        100
a     461     496          4
a     461     462        100
a     461     466        100
a     461     456        100
a     462     499          1
a     462     463        100
a     462     461        100
a     462     467        100
a     462     457        100
a     463     493          1
a     463     464        100
a     463     462        100
a     463     468        100
a     463     458        100
a     464     484          1
a     464     465        100
a     464     463        100
a     464     469        100
a     464     459        100
a     465     488          2
a     465     464        100
a     465     470        100
a     465     460        100
a     466     476          3
a     466     467        100
a     466     471        100
a     466     461        100
a     467     490          1
a     467     468        100
a     467     466        100
a     467     472        100
a     467     462        100
a     468     498          3
a     468     469        100
a     468     467        100
a     468     473        100
a     468     463        100
a     469     482          1
a     469     470        100
a     469     468        100
a     469     474        100
a     469     464        100
a     470     489          2
a     470     469        100
a     470     475        100
a     470     465        100
a     471     480          2
a     471     472        100
a     471     466        100
a     472     483          2
a     472     473        100
a     472     471        100
a     472     467        100
a     473     478          0
a     473     474        100
a     473     472        100
a     473     468        100
a     474     479          1
a     474     475        100
a     474     473        100
a     474     469        100
a     475     487          3
a     475     474        100
a     475     470        100
a     476     525          4
a     476     477        100
a     476     481        100
a     477     518          1
a     477     478        100
a     477     476        100
a     477     482        100
a     478     515          0
a     478     479        100
a     478     477        100
a     478     483        100
a     479     517          2
a     479     480        100
a     479     478        100
a     479     484        100
a     480     513          3
a     480     479        100
a     480     485        100
a     481     516          2
a     481     482        100
a     481     486        100
a     481     476        100
a     482     503          3
a     482     483        100
a     482     481        100
a     482     487        100
a     482     477        100
a     483     512          4
a     483     484        100
a     483     482        100
a     483     488        100
a     483     478        100
a     484     520          0
a     484     485        100
a     484     483        100
a     484     489        100
a     484     479        100
a     485     522          2
a     485     484        100
a     485     490        100
a     485     480        100
a     486     504          4
a     486     487        100
a     486     491        100
a     486     481        100
a     487     514          2
a     487     488        100
a     487     486        100
a     487     492        100
a     487     482        100
a     488     511          3
a     488     489        100
a     488     487        100
a     488     493        100
a     488     483        100
a     489     524          0
a     489     490        100
a     489     488        100
a     489     494        100
a     489     484        100
a     490     505          1
a     490     489        100
a     490     495        100
a     490     485        100
a     491     519          4
a     491     492        100
a     491     496        100
a     491     486        100
a     492     521          1
a     492     493        100
a     492     491        100
a     492     497        100
a     492     487        100
a     493     523          3
a     493     494        100
a     493     492        100
a     493     498        100
a     493     488        100
a     494     507          3
a     494     495        100
a     494     493        100
a     494     499        100
a     494     489        100
a     495     506          0
a     495     494        100
a     495     500        100
a     495     490        100
a     496     501          3
a     496     497        100
a     496     491        100
a     497     510          3
a     497     498        100
a     497     496        100
a     497     492        100
a     498     508          0
a     498     499        100
a     498     497        100
a     498     493        100
a     499     509          3
a     499     500        100
a     499     498        100
a     499     494        100
a     500     502          3
a     500     499        100
a     500     495        100
a     501     536          4
a     501     502        100
a     501     506        100
a     502     550          0
a     502     503        100
a     502     501        100
a     502     507        100
a     503     548          4
a     503     504        100
a     503     502        100
a     503     508        100
a     504     530          4
a     504     505        100
a     504     503        100
a     504     509        100
a     505     528          3
a     505     504        100
a     505     510        100
a     506     546          0
a     506     507        100
a     506     511        100
a     506     501        100
a     507     534          4
a     507     508        100
a     507     506        100
a     507     512        100
a     507     502        100
a     508     547          4
a     508     509        100
a     508     507        100
a     508     513        100
a     508     503        100
a     509     539          1
a     509     510        100
a     509     508        100
a     509     514        100
a     509     504        100
a     510     526          1
a     510     509        100
a     510     515        100
a     510     505        100
a     511     549          3
a     511     512        100
a     511     516        100
a     511     506        100
a     512     540          4
a     512     513        100
a     512     511        100
a     512     517        100
a     512     507        100
a     513     537          3
a     513     514        100
a     513     512        100
a     513     518        100
a     513     508        100
a     514     531          4
a     514     515        100
a     514     513        100
a     514     519        100
a     514     509        100
a     515     533          3
a     515     514        100
a     515     520        100
a     515     510        100
a     516     532          0
a     516     517        100
a     516     521        100
a     516     511        100
a     517     543          1
a     517     518        100
a     517     516        100
a     517     522        100
a     517     512        100
a     518     545          2
a     518     519        100
a     518     517        100
a     518     523        100
a     518     513        100
a     519     527          0
a     519     520        100
a     519     518        100
a     519     524        100
a     519     514        100
a     520     535          1
a     520     519        100
a     520     525        100
a     520     515        100
a     521     542          0
a     521     522        100
a     521     516        100
a     522     544          3
a     522     523        100
a     522     521        100
a     522     517        100
a     523     529          2
a     523     524        100
a     523     522        100
a     523     518        100
a     524     538          4
a     524     525        100
a     524     523        100
a     524     519        100
a     525     541          4
a     525     524        100
a     525     520        100
a     526     553          1
a     526     527        100
a     526     531        100
a     527     570          4
a     527     528        100
a     527     526        100
a     527     532        100
a     528     572          0
a     528     529        100
a     528     527        100
a     528     533        100
a     529     560          2
a     529     530        100
a     529     528        100
a     529     534        100
a     530     552          2
a     530     529        100
a     530     535        100
a     531     568          1
a     531     532        100
a     531     536        100
a     531     526        100
a     532     559          0
a     532     533        100
a     532     531        100
a     532     537        100
a     532     527        100
a     533     564          0
a     533     534        100
a     533     532        100
a     533     538        100
a     533     528        100
a     534     555          4
a     534     535        100
a     534     533        100
a     534     539        100
a     534     529        100
a     535     561          1
a     535     534        100
a     535     540        100
a     535     530        100
a     536     574          4
a     536     537        100
a     536     541        100
a     536     531        100
a     537     554          4
a     537     538        100
a     537     536        100
a     537     542        100
a     537     532        100
a     538     567          3
a     538     539        100
a     538     537        100
a     538     543        100
a     538     533        100
a     539     556          1
a     539     540        100
a     539     538        100
a     539     544        100
a     539     534        100
a     540     557          2
a     540     539        100
a     540     545        100
a     540     535        100
a     541     551          0
a     541     542        100
a     541     546        100
a     541     536        100
a     542     562          0
a     542     543        100
a     542     541        100
a     542     547        100
a     542     537        100
a     543     569          1
a     543     544        100
a     543     542        100
a     543     548        100
a     543     538        100
a     544     566          0
a     544     545        100
a     544     543        100
a     544     549        100
a     544     539        100
a     545     571          4
a     545     544        100
a     545     550        100
a     545     540        100
a     546     565          3
a     546     547        100
a     546     541        100
a     547     573          3
a     547     548        100
a     547     546        100
a     547     542        100
a     548     563          1
a     548     549        100
a     548     547        100
a     548     543        100
a     549     558          1
a     549     550        100
a     549     548        100
a     549     544        100
a     550     575          2
a     550     549        100
a     550     545        100
a     551     552        100
a     551     556        100
a     552     553        100
a     552     551        100
a     552     557        100
a     553     554        100
a     553     552        100
a     553     558        100
a     554     555        100
a     554     553        100
a     554     559        100
a     555     554        100
a     555     560        100
a     556     557        100
a     556     561        100
a     556     551        100
a     557     558        100
a     557     556        100
a     557     562        100
a     557     552        100
a     558     559        100
a     558     557        100
a     558     563        100
a     558     553        100
a     559     560        100
a     559     558        100
a     559     564        100
a     559     554        100
a     560     559        100
a     560     565        100
a     560     555        100
a     561     562        100
a     561     566        100
a     561     556        100
a     562     563        100
a     562     561        100
a     562     567        100
a     562     557        100
a     563     564        100
a     563     562        100
a     563     568        100
a     563     558        100
a     564     565        100
a     564     563        100
a     564     569        100
a     564     559        100
a     565     564        100
a     565     570        100
a     565     560        100
a     566     567        100
a     566     571        100
a     566     561        100
a     567     568        100
a     567     566        100
a     567     572        100
a     567     562        100
a     568     569        100
a     568     567        100
a     568     573        100
a     568     563        100
a     569     570        100
a     569     568        100
a     569     574        100
a     569     564        100
a     570     569        100
a     570     575        100
a     570     565        100
a     571     572        100
a     571     566        100
a     572     573        100
a     572     571        100
a     572     567        100
a     573     574        100
a     573     572        100
a     573     568        100
a     574     575        100
a     574     573        100
a     574     569        100
a     575     574        100
a     575     570        100
